1907.02537283  1907.02537283  0
1907.02537283  1909.02342831  1
1909.02342831  1911.0263708  2
1911.0263708  1913.03808485  3
1913.03808485  1917.52256692  4
2380.52943955  2387.5209108  0
2387.5209108  2389.02277325  1
2389.02277325  2391.02549868  2
2391.02549868  2395.02186305  3
2395.02186305  2399.02370209  4
2989.52101059  2993.52375548  0
2993.52375548  2995.53329094  1
2995.53329094  2997.01814055  2
2997.01814055  3001.0207451  3
3001.0207451  3005.52255989  4
3623.02228621  3630.02479607  0
3630.02479607  3631.04057941  1
3631.04057941  3633.02873936  2
3633.02873936  3637.52002598  3
3637.52002598  3641.03756921  4
4265.52362358  4275.52116193  0
4275.52116193  4277.52458391  1
4277.52458391  4279.54496447  2
4279.54496447  4283.02170368  3
4283.02170368  4287.52751026  4
4913.02441733  4924.02281473  0
4924.02281473  4925.51813597  1
4925.51813597  4927.52645304  2
4927.52645304  4931.52013543  3
4931.52013543  4935.02965892  4
5563.52101843  5570.03571085  0
5570.03571085  5571.53078037  1
5571.53078037  5573.52157806  2
5573.52157806  5577.52200549  3
5577.52200549  5581.53681859  4
6217.5270389  6221.53862319  0
6221.53862319  6223.52232272  1
6223.52232272  6225.52285885  2
6225.52285885  6229.52272904  3
6229.52272904  6233.53254429  4
6857.53737654  6870.51954488  0
6870.51954488  6871.52045813  1
6871.52045813  6873.52764508  2
6873.52764508  6877.52876003  3
6877.52876003  6881.52875207  4
7506.52279337  7511.52093635  0
7511.52093635  7513.52244513  1
7513.52244513  7515.52421144  2
7515.52421144  7519.52156977  3
7519.52156977  7523.52758992  4
8143.51917452  8156.52270599  0
8156.52270599  8157.51938211  1
8157.51938211  8159.52364335  2
8159.52364335  8163.52164294  3
8163.52164294  8167.52064725  4
8791.53942789  8795.52219622  0
8795.52219622  8797.52270562  1
8797.52270562  8799.52256111  2
8799.52256111  8801.53563635  3
8801.53563635  8807.51946498  4
9440.02960075  9443.52595078  0
9443.52595078  9447.02367168  1
9447.02367168  9447.53753295  2
9447.53753295  9451.52007885  3
9451.52007885  9455.5205424  4
10075.5193745  10083.5195643  0
10083.5195643  10085.5237471  1
10085.5237471  10087.531802  2
10087.531802  10091.5192935  3
10091.5192935  10095.5202958  4
10719.0204642  10723.5434572  0
10723.5434572  10725.5431014  1
10725.5431014  10727.5218174  2
10727.5218174  10729.5213587  3
10729.5213587  10735.5237564  4
11351.5293022  11359.5263321  0
11359.5263321  11363.0244845  1
11363.0244845  11363.5276102  2
11363.5276102  11367.5265821  3
11367.5265821  11371.5373825  4
11997.5192657  12003.0216416  0
12003.0216416  12003.532264  1
12003.532264  12005.5437559  2
12005.5437559  12009.5205107  3
12009.5205107  12013.5393966  4
12628.5219758  12635.5219063  0
12635.5219063  12637.5223461  1
12637.5223461  12639.5214795  2
12639.5214795  12643.5305434  3
12643.5305434  12647.5233107  4
13267.0253723  13273.0235091  0
13273.0235091  13273.5202188  1
13273.5202188  13275.525827  2
13275.525827  13279.5283628  3
13279.5283628  13283.5225208  4
13900.5343103  13903.5267104  0
13903.5267104  13905.5205195  1
13905.5205195  13907.5286102  2
13907.5286102  13911.5228419  3
13911.5228419  13915.5191096  4
14524.0198287  14533.0218648  0
14533.0218648  14533.520262  1
14533.520262  14535.5147338  2
14535.5147338  14539.5213451  3
15136.5224434  15139.5370528  0
15139.5370528  15141.5205923  1
15141.5205923  15143.520449  2
15143.520449  15147.5264209  3
15734.0215513  15739.5217133  0
15739.5217133  15742.0294346  1
15742.0294346  15743.5147878  2
15743.5147878  15747.5208736  3
16328.520912  16333.540886  0
16333.540886  16335.5201809  1
16335.5201809  16337.5374038  2
16337.5374038  16339.5214266  3
16927.5275845  16934.5276768  0
16934.5276768  16935.5204973  1
16935.5204973  16937.5244967  2
16937.5244967  16939.5229289  3
17527.0285038  17533.5374252  0
17533.5374252  17535.5210556  1
17535.5210556  17537.5253009  2
17537.5253009  17539.5198609  3
18123.5218476  18130.0262041  0
18130.0262041  18132.0241982  1
18132.0241982  18133.5418384  2
18133.5418384  18137.5222944  3
18719.5201947  18725.5402388  0
18725.5402388  18727.5214049  1
18727.5214049  18729.5414321  2
18729.5414321  18733.5244705  3
19316.5393732  19321.5201505  0
19321.5201505  19323.5340967  1
19323.5340967  19325.5383921  2
19325.5383921  19329.5241084  3
19906.5185586  19913.5456717  0
19913.5456717  19915.5202016  1
19915.5202016  19917.5222999  2
19917.5222999  19920.5372064  3
20503.0206005  20507.5172038  0
20507.5172038  20509.5188112  1
20509.5188112  20511.5294059  2
20511.5294059  20515.5226029  3
21096.029435  21099.5273698  0
21099.5273698  21101.5237896  1
21101.5237896  21103.5206904  2
21103.5206904  21107.5259704  3
21679.5202226  21685.5378738  0
21685.5378738  21687.5343042  1
21687.5343042  21689.520448  2
21689.520448  21693.5301823  3
22268.0209811  22273.5228274  0
22273.5228274  22275.5301919  1
22275.5301919  22277.525123  2
22277.525123  22279.5205012  3
22858.0203167  22863.0241878  0
22863.0241878  22863.5256219  1
22863.5256219  22865.5397041  2
22865.5397041  22869.5231386  3
23441.5283209  23447.5208884  0
23447.5208884  23449.5213208  1
23449.5213208  23451.5273841  2
23451.5273841  23455.5242263  3
24024.520851  24027.5401294  0
24027.5401294  24029.5226395  1
24029.5226395  24031.5439276  2
24031.5439276  24035.5221927  3
24605.5263575  24613.5186746  0
24613.5186746  24615.525199  1
24615.525199  24617.5362848  2
24617.5362848  24619.5455286  3
25198.5204594  25203.0231942  0
25203.0231942  25203.5271357  1
25203.5271357  25205.5326633  2
25205.5326633  25209.0264303  3
25784.5399325  25787.5314756  0
25787.5314756  25789.5203731  1
25789.5203731  25791.538155  2
25791.538155  25795.5218689  3
26361.5323938  26367.5261795  0
26367.5261795  26369.5204312  1
26369.5204312  26371.5256427  2
26371.5256427  26375.5216301  3
26876.5392311  26883.0182264  0
26883.0182264  26883.5301948  1
26883.5301948  26885.528768  2
26885.528768  26889.5355319  3
27389.5256675  27393.526571  0
27393.526571  27395.5332755  1
27395.5332755  27397.5256618  2
27397.5256618  27401.5233067  3
27892.0273476  27897.5442019  0
27897.5442019  27899.5262522  1
27899.5262522  27901.5232798  2
27901.5232798  27905.542311  3
28419.5284552  28426.0316847  0
28426.0316847  28427.5381533  1
28427.5381533  28429.5220769  2
28429.5220769  28433.5273905  3
28923.5205464  28929.5216846  0
28929.5216846  28931.5253367  1
28931.5253367  28933.5223453  2
28933.5223453  28937.5423375  3
29452.5271179  29461.0214539  0
29461.0214539  29461.5393729  1
29461.5393729  29463.5227641  2
29463.5227641  29467.5233686  3
29987.5163887  29991.5281218  0
29991.5281218  29993.5207375  1
29993.5207375  29995.5433521  2
29995.5433521  29999.5221126  3
30489.5215156  30493.5223941  0
30493.5223941  30495.5220127  1
30495.5220127  30497.5279295  2
30497.5279295  30501.532013  3
30989.5218664  30995.025414  0
30995.025414  30995.5216944  1
30995.5216944  30997.5190897  2
30997.5190897  31001.5178753  3
31479.028684  31482.0224898  0
31482.0224898  31483.5226568  1
31483.5226568  31485.5391973  2
31485.5391973  31489.5259838  3
31973.5470401  31979.0319724  0
31979.0319724  31979.5309538  1
31979.5309538  31981.5258566  2
31981.5258566  31985.5398505  3
32495.5185276  32501.0267203  0
32501.0267203  32501.5232903  1
32501.5232903  32503.5148956  2
32503.5148956  32507.5218167  3
33017.5444303  33023.0417296  0
33023.0417296  33023.5367372  1
33023.5367372  33025.5205772  2
33025.5205772  33029.530879  3
33517.0182034  33520.0220368  0
33520.0220368  33521.5156895  1
33521.5156895  33523.5306421  2
33523.5306421  33527.5207785  3
34040.0299354  34046.5261406  0
34046.5261406  34047.5308183  1
34047.5308183  34049.5289829  2
34049.5289829  34053.5224643  3
34532.5277799  34535.5265868  0
34535.5265868  34537.5266809  1
34537.5266809  34539.5308421  2
34539.5308421  34543.5231031  3
35049.534349  35053.5298993  0
35053.5298993  35055.5123225  1
35055.5123225  35057.5196856  2
35057.5196856  35061.5176451  3
35533.5193127  35539.5220321  0
35539.5220321  35541.5215564  1
35541.5215564  35543.5220226  2
35543.5220226  35547.5268353  3
36045.5240599  36051.5216013  0
36051.5216013  36053.5384554  1
36053.5384554  36055.5235847  2
36055.5235847  36059.5288601  3
36536.0272253  36543.0198375  0
36543.0198375  36543.5281546  1
36543.5281546  36545.5319462  2
36979.536967  36983.5198398  0
36983.5198398  36985.5441766  1
36985.5441766  36987.5320307  2
37411.5311292  37415.5203549  0
37415.5203549  37417.5319659  1
37417.5319659  37419.525179  2
37841.5240899  37845.5212215  0
37845.5212215  37847.5202513  1
37847.5202513  37849.5322832  2
38275.5208459  38279.5214221  0
38279.5214221  38282.0218681  1
38282.0218681  38283.5246377  2
38705.5336147  38709.5241604  0
38709.5241604  38711.5210882  1
38711.5210882  38713.5215089  2
39130.0218588  39133.5178269  0
39133.5178269  39135.5255898  1
39135.5255898  39137.5252531  2
39560.0229407  39565.0230034  0
39565.0230034  39565.5288395  1
39565.5288395  39567.5225043  2
39986.0320639  39990.0203787  0
39990.0203787  39991.5417408  1
39991.5417408  39993.5295506  2
40411.530777  40417.0195372  0
40417.0195372  40417.5298038  1
40417.5298038  40419.5375808  2
40841.5427936  40849.5182258  0
40849.5182258  40853.0188176  1
40853.0188176  40855.022425  2
41259.520867  41267.5225138  0
41267.5225138  41271.0275452  1
41271.0275452  41271.5305171  2
41687.531626  41691.5276265  0
41691.5276265  41693.5248034  1
41693.5248034  41695.5225851  2
42112.0217219  42118.5196748  0
42118.5196748  42120.5380402  1
42120.5380402  42121.5304869  2
42535.5294742  42540.0209468  0
42540.0209468  42541.5215794  1
42541.5215794  42543.5305411  2
42960.0212915  42964.5404343  0
42964.5404343  42965.5304232  1
42965.5304232  42967.5191813  2
43385.5324825  43391.0383733  0
43391.0383733  43391.5164413  1
43391.5164413  43393.5216768  2
43807.0201542  43811.5190658  0
43811.5190658  43813.5381776  1
43813.5381776  43815.518356  2
44233.5343115  44238.5196048  0
44238.5196048  44239.5294027  1
44239.5294027  44241.5217566  2
44655.5313679  44661.0203165  0
44661.0203165  44661.5206652  1
44661.5206652  44663.5243821  2
